Symb           X            Y           Z        (Ang)
C            .959271    -.800191     .001611
H           1.049337   -1.680063     .655847
H            .568666   -1.121917    -.972035
C           -.004508     .215514     .610409
H            .298153     .416973    1.651214
C          -1.455599    -.263734     .582334
H          -1.550517   -1.236084    1.078316
H          -2.074942     .460247    1.134659
H            .962575    1.532393    -.408037
O            .028652    1.417833    -.156204
O          -1.914409    -.422479    -.749766
H          -1.650927     .400811   -1.197693
O           2.215793    -.127562    -.137183
H           2.762380    -.624234    -.763183

freq    cm^-1
    117.557166
    137.530171
    235.086982
    269.272615
    293.168690
    355.632818
    487.117083
    497.031360
    524.840489
    655.030867
    828.664004
    889.741797
    929.102881
   1026.827736
   1050.430481
   1061.876795
   1094.397980
   1172.559586
   1190.991598
   1225.105969
   1259.678247
   1339.885073
   1351.548062
   1376.018374
   1402.944046
   1422.881324
   1474.802914
   1488.725679
   2883.900626
   2902.480459
   2909.237541
   2964.805723
   2982.627193
   3551.170356
   3559.967746
   3630.907141

-344.926206557  a.u.
1