Symb           X            Y           Z        (Ang)
C            .955998    -.807519    -.038218
H           1.066166   -1.705586     .585735
H            .558272   -1.106544   -1.010621
C            .001329     .198888     .610352
H            .311389     .374918    1.657067
C          -1.455240    -.267067     .591465
H          -1.551738   -1.249417    1.067650
H          -2.062365     .448846    1.167902
H            .953199    1.473833    -.474106
O            .043641    1.418559    -.126140
O          -1.929031    -.393362    -.737319
H          -1.664190     .437099   -1.171221
O           2.222111    -.192441    -.304836
H           2.682979    -.081013     .542359
freq    cm^-1
    120.267144
    135.711064
    231.319148
    291.234119
    345.723259
    362.086844
    491.997470
    510.452113
    581.332862
    653.009819
    834.698740
    888.567997
    917.954230
   1009.393970
   1040.033452
   1052.934377
   1100.039908
   1152.632708
   1184.594967
   1257.635050
   1326.264882
   1336.057726
   1345.847584
   1359.779208
   1398.733714
   1413.325668
   1473.793112
   1475.120126
   2846.634645
   2897.753285
   2926.251536
   2979.264783
   3026.153445
   3524.047557
   3558.483282
   3591.316478

-344.925670925  a.u.
1